[Sequential]
---------------------------------------------------------------------------------------------------------------------------------------------------------
|     TYPE     |     10    |     100     |     1000     |     10000     |     100000     |     1000000     |     10000000     |     100000000     |


    STRING         0.000        0.000         0.003           0.093           0.820            60.528            185.775             xxxxx


    LONG           0.000        0.000         0.001           0.010           0.145             0.651             6.464               75.562         


    DOUBLE         0.000        0.000         0.001           0.007           0.074             0.640             6.927               79.956


[Parallel]
---------------------------------------------------------------------------------------------------------------------------------------------------------

|     TYPE     |     10    |     100     |     1000     |     10000     |     100000     |     1000000     |     10000000     |     100000000     |


    STRING        0.000         0.001         0.005           0.053           1.301             57.774            xxxxx              xxxxx


    LONG          0.000         0.001         0.002           0.008           0.090             0.439             3.106              34.319


    DOUBLE        0.000         0.001         0.002           0.007           0.033             0.335             3.199              35.153      

